4.087369835966915277e-01
-1.949837545846823741e-02
3.860975866098887432e-01
3.883798327125295158e-01
2.625842734734520345e-01
4.109041993070077781e-01
1.083972197547785760e-01
6.116917162005030412e-02
-1.431026723585772549e-02
-1.401150089587854253e-01
2.431162171187429832e-01
5.193466355661122830e-02
2.710032247971771308e-02
-2.073988347200621946e-02
-1.374440366895182675e-01
-1.242074738927089611e-01
-1.573064294946426578e-01
-8.110140624843560631e-02
-5.930948285912990975e-02
-8.029826268285820967e-02
-1.033569623671983656e-01
-9.669335787304041141e-02
8.470088895458005238e-03
1.844451313554801644e-02
3.186305139994414781e-01
2.445203673047171289e-01
-2.368718103913809714e-01
2.967568392190903515e-01
-4.125833056553902811e-02
2.794030560766503357e-01
-1.028202640654092281e-01
-1.594335661375628488e-01
-9.441279107989239416e-03
-1.893763053449731837e-02
3.884641647330043801e-01
-9.582648921607322956e-02
-1.549459983732588420e-01
-1.297891304066018103e-01
-2.773868279671092285e-01
-6.854719642857184936e-02
3.335048146913703881e-01
5.140389478801303536e-02
3.792159514342679366e-02
3.263639679426648399e-02
-3.327627857289867236e-02
-1.380934767450442968e-01
-3.422243331582513481e-01
-1.496817997265396938e-01
-4.047730825158522561e-01
-2.490025482516351474e-01
-5.648308567836313188e-02
2.325698007680452803e-02
-1.568533472825929531e-01
-5.878376356079052789e-02
1.505571846273085768e-01
1.748409524655968050e-02
2.255544100836793034e-02
6.727571396161959906e-03
-4.837190679283591942e-03
3.801690048199670314e-03
1.827640432703791368e-03
3.618754884654120513e-02
3.048670164920599598e-02
-1.785649310435475983e-03
1.782448488070241532e-02
1.864296018499070340e-02
-8.644273865043249766e-03
-2.170548420120914715e-02
2.810655361718681494e-02
-5.282261190836810665e-03
-2.175071123012476543e-02
-7.071133542312957841e-03
-1.057742907128226238e-02
2.567767997004889724e-02
-1.335403634547257731e-02
5.742857872992152696e-02
-3.523969762177162068e-02
4.416936471121992759e-03
1.096134056238152847e-02
8.006350444210593720e-01
-2.520124487469324256e-02
-1.680618363516277469e-01
-1.408867138361820370e-01
4.276861754537009119e-02
