-1.363229616878030293e-01
6.143378901887462835e-03
-1.220652937049585413e-01
-1.249443193103349226e-01
-8.608214724644955296e-02
-1.284716166031522888e-01
-3.154883915431483388e-02
-2.067931063739144801e-02
4.535067927955461868e-03
5.364487823591318483e-02
-8.427894487024402415e-02
-2.074504931243282418e-02
-9.696905353909338054e-03
5.272079949677802371e-03
3.629804680518076282e-02
3.762015934188138455e-02
4.575236598941074401e-02
2.132353433229653220e-02
1.993298602336845970e-02
2.128190687303215325e-02
3.826250693064948277e-02
3.587762260777332263e-02
2.918797504867572980e-03
-6.709465885681230139e-03
-9.911420806252457805e-02
-6.954783979926816573e-02
6.751168297453581657e-02
-1.025463423486612929e-01
7.838215868262284058e-03
-8.358853897648491071e-02
4.016202462770834120e-02
5.701266526537134005e-02
2.989928974357892316e-03
1.063423864032188998e-02
-1.193075378215351923e-01
2.773410319960897125e-02
4.503160832158013133e-02
4.050150540210610550e-02
8.956350707057816884e-02
1.263479080250378729e-02
-1.040106672308780539e-01
-2.011713205112781663e-02
-1.629860165139748046e-02
-1.957014277172175118e-02
1.657893141449958557e-02
3.651600697658399092e-02
1.035810419009086936e-01
4.363286504051416825e-02
1.270790890424602360e-01
8.167311049344563867e-02
1.512717513797140999e-02
-1.831432721078385612e-03
4.584942869945669158e-02
1.881860425260430819e-02
-4.649622562707075163e-02
-3.298821748547882057e-03
-5.842300960657115412e-03
-5.927952570635387254e-03
-3.300262936353635674e-03
-3.026011004145023192e-03
-3.775206433739759955e-03
-1.197781768224517179e-02
-5.021114963167948309e-03
-3.034129471970832201e-03
-5.665502429526887360e-03
-6.131601881359406876e-03
9.364266805166525029e-03
3.150316603891981353e-03
-3.135097972896400478e-03
5.714035039785146652e-03
-1.852780596638562175e-03
-3.398574524216145011e-03
-3.665915404426594161e-04
-1.990460415714423274e-03
-4.839775693348548867e-03
-2.760571656704416746e-02
1.802601376724715168e-02
-5.134950331140500542e-03
2.580857906722973383e-03
-2.489548878640997220e-01
6.915955182498759700e-03
5.331770115078674627e-02
5.261223706587940530e-02
-8.005390679561720513e-03
