3.521930550401614068e-01
1.302409871949930797e-01
4.074594480645578332e-02
2.376316865025494884e+00
3.252283879184849624e-01
3.393742079753259699e-01
1.049663084581396871e-01
-3.863567778618955811e-02
4.369046654926121709e-03
4.909037042882940377e-02
4.876275049135869039e-02
-6.107091617488240309e-02
-2.378892789503985264e-02
-8.278858519803976301e-02
-7.294256073745390700e-02
-2.236529669214439298e-01
-2.275542550577084600e-01
-7.000620260258508254e-02
-1.248970577355475731e-01
-1.550685207648556663e-01
-1.583718961754529420e-01
-9.434260342892152040e-02
5.414028376249428731e-03
2.399362109484925315e-02
2.648485216728752034e-01
1.606528369351280794e-01
-1.233521370318651084e-01
2.954046254362953650e-01
-4.824222779611681555e-01
2.134829227343904845e-01
1.874033900307814707e-02
1.139011297680310193e-03
-7.847128985933836398e-02
-5.654511819178060367e-02
2.333734195996606253e-01
-1.287490745332085795e-01
-6.440328109295279102e-02
-1.128350814890176912e-01
-2.690295596813823686e-01
-2.210116228625500501e-01
2.187595013596838889e-01
8.064678049273035776e-02
5.612756899815649070e-02
1.025322967742519353e-01
-3.657202178912414853e-03
-7.255202585431433371e-02
-1.903106676708565537e-01
-1.607124901522814509e-01
-7.232091141926563216e-01
-1.865828141868397516e-01
9.826531758873650879e-03
-3.236114756547318894e-02
-2.161858632632496918e-02
-5.226515016065120395e-02
4.479345114962351299e-02
2.637779504600172922e-02
-8.184276698306027029e-04
3.784147152113653129e-03
6.552093982417631080e-02
-1.667321709354488771e-02
-2.014094430895317298e-02
-2.618412632761605435e-02
1.077269073557516124e-02
-8.306510020800704497e-03
6.040060947608971026e-02
2.771786561110022376e-02
-1.016583365420668100e-01
-1.070616536555113185e-01
6.171170118971654184e-02
-3.799825265983637623e-02
-1.960998235518444099e-01
1.190207149404420989e-01
-1.709157959216872913e-01
3.227700696629819122e-02
-5.669462757135305953e-02
1.012102888582681742e-01
-2.442441072391722534e-01
5.576699419716744932e-02
3.083356202075754685e-02
8.642365717891082877e-01
-6.566454411579228378e-02
-1.100404272722768501e-01
-1.062897326626690564e-01
6.467042777257563102e-02
